10 13 0.4915
13 10 0.6486
2 8 0.5901
8 2 0.6832
4 11 0.7127
11 4 0.6353
1 16 0.1091
16 1 0.6261
5 17 0.3059
17 5 0.4302
1 14 0.6099
14 1 0.5376
1 6 0.8964
6 1 0.6582
12 15 0.9925
15 12 0.6322
7 10 0.7122
10 7 0.6202
0 16 0.4868
16 0 0.6313
7 18 0.3250
18 7 0.4166
7 14 0.7471
14 7 0.7306
10 19 0.3486
19 10 0.3286
9 13 0.9970
13 9 0.1116
3 8 0.6703
8 3 0.1935
2 18 0.0733
18 2 0.4276
4 15 0.8294
15 4 0.7674
3 4 0.7221
4 3 0.7705
16 17 0.8070
17 16 0.7076
7 9 0.0733
9 7 0.7378
3 19 0.2259
19 3 0.1017
10 18 0.9667
18 10 0.4967
2 3 0.5027
3 2 0.7516
7 17 0.4098
17 7 0.3967
3 17 0.4186
17 3 0.6714
3 11 0.9263
11 3 0.2989
12 19 0.8682
19 12 0.1272
9 10 0.7635
10 9 0.2332
9 19 0.5564
19 9 0.6544
6 17 0.7447
17 6 0.4984
5 16 0.5061
16 5 0.6642
17 18 0.1562
18 17 0.4582
11 15 0.8927
15 11 0.3661
9 14 0.7235
14 9 0.5960
8 17 0.8899
17 8 0.6845
0 14 0.6010
14 0 0.3049
6 16 0.9929
16 6 0.7283
3 15 0.9194
15 3 0.7884
6 14 0.4511
14 6 0.2282
11 12 0.9781
12 11 0.6220
3 18 0.7395
18 3 0.7986
