9 14 0.8609
14 9 0.5308
11 19 0.8325
19 11 0.7749
3 17 0.4832
17 3 0.7935
9 15 0.8740
15 9 0.2937
5 18 0.3176
18 5 0.4744
4 13 0.7329
13 4 0.7916
3 7 0.4358
7 3 0.7572
10 18 0.5747
18 10 0.6917
6 13 0.8029
13 6 0.4021
8 12 0.8353
12 8 0.4933
14 16 0.3484
16 14 0.3399
4 12 0.8174
12 4 0.5120
17 18 0.4102
18 17 0.5457
0 1 0.4632
1 0 0.6452
5 13 0.5289
13 5 0.5555
0 10 0.3485
10 0 0.7444
11 17 0.9024
17 11 0.3591
1 2 0.9660
2 1 0.6881
10 16 0.4863
16 10 0.7167
9 13 0.3917
13 9 0.6959
0 2 0.7964
2 0 0.4755
10 19 0.9239
19 10 0.3754
10 13 0.7241
13 10 0.7356
5 8 0.3534
8 5 0.4224
11 18 0.2652
18 11 0.7619
4 5 0.6604
5 4 0.4260
3 5 0.3038
5 3 0.5701
6 15 0.8489
15 6 0.7190
3 18 0.0782
18 3 0.6662
13 16 0.8040
16 13 0.6110
12 13 0.0546
13 12 0.2559
7 11 0.7581
11 7 0.5670
9 16 0.8760
16 9 0.6524
1 19 0.7093
19 1 0.4181
7 17 0.6009
17 7 0.5496
6 12 0.6068
12 6 0.3650
8 11 0.7612
11 8 0.2144
13 14 0.8863
14 13 0.7726
0 19 0.5186
19 0 0.2758
