12 18 0.6155
18 12 0.3291
11 16 0.9638
16 11 0.4783
2 9 0.9921
9 2 0.7524
12 13 0.7701
13 12 0.7361
9 11 0.3799
11 9 0.1362
3 5 0.8115
5 3 0.7036
4 15 0.9599
15 4 0.5812
3 8 0.9138
8 3 0.7185
9 19 0.7454
19 9 0.5427
4 7 0.9302
7 4 0.3544
0 7 0.7864
7 0 0.7219
4 13 0.2219
13 4 0.7736
10 17 0.3884
17 10 0.7003
3 6 0.9446
6 3 0.7443
6 18 0.5030
18 6 0.7810
17 19 0.9417
19 17 0.6912
18 19 0.4401
19 18 0.7919
1 15 0.7651
15 1 0.7813
0 14 0.3440
14 0 0.1815
0 4 0.6641
4 0 0.6995
3 7 0.5861
7 3 0.6206
8 11 0.8796
11 8 0.5561
5 7 0.0461
7 5 0.7157
8 9 0.4451
9 8 0.1167
4 12 0.7488
12 4 0.2759
1 17 0.5349
17 1 0.7822
1 19 0.6105
19 1 0.5846
2 10 0.9687
10 2 0.3531
9 18 0.1204
18 9 0.5861
2 19 0.9043
19 2 0.3293
1 10 0.9599
10 1 0.5778
6 8 0.3075
8 6 0.5460
12 15 0.7833
15 12 0.4290
10 19 0.8632
19 10 0.5681
13 18 0.9041
18 13 0.5220
6 7 0.7795
7 6 0.4584
15 19 0.1906
19 15 0.4928
12 19 0.1197
19 12 0.4802
5 8 0.8108
8 5 0.5819
1 14 0.4535
14 1 0.4990
14 15 0.5538
15 14 0.7119
9 16 0.2408
16 9 0.7405
