13 19 0.1197
19 13 0.3241
6 7 0.8967
7 6 0.7797
3 19 0.5961
19 3 0.3316
11 13 0.0847
13 11 0.1103
10 12 0.3266
12 10 0.6731
0 7 0.9762
7 0 0.4408
1 18 0.3692
18 1 0.3969
15 18 0.9347
18 15 0.3460
14 16 0.7299
16 14 0.2909
9 16 0.9186
16 9 0.7946
1 16 0.5610
16 1 0.6021
0 18 0.7221
18 0 0.4336
1 2 0.7045
2 1 0.5093
10 15 0.6908
15 10 0.5381
4 17 0.8768
17 4 0.1183
7 8 0.8544
8 7 0.7925
3 5 0.8362
5 3 0.4470
10 17 0.8469
17 10 0.6972
4 5 0.7466
5 4 0.7991
12 18 0.2285
18 12 0.2223
3 16 0.6994
16 3 0.7669
8 12 0.8784
12 8 0.5428
0 8 0.9067
8 0 0.1049
2 18 0.7515
18 2 0.3020
5 10 0.7471
10 5 0.7016
2 5 0.7259
5 2 0.3406
7 14 0.5545
14 7 0.6392
0 14 0.9880
14 0 0.6053
3 4 0.5278
4 3 0.4758
0 12 0.8671
12 0 0.6889
3 13 0.7340
13 3 0.4932
3 9 0.3277
9 3 0.6483
6 9 0.5791
9 6 0.5833
1 14 0.4504
14 1 0.7386
10 18 0.7787
18 10 0.3131
6 8 0.5303
8 6 0.6948
14 18 0.9713
18 14 0.5359
12 17 0.2954
17 12 0.5800
