9 12 0.5623
12 9 0.6087
13 19 0.9879
19 13 0.7491
11 18 0.3777
18 11 0.5201
0 1 0.8787
1 0 0.6663
0 18 0.3285
18 0 0.6006
5 10 0.3069
10 5 0.6783
16 19 0.9774
19 16 0.3554
3 9 0.8336
9 3 0.7742
3 7 0.6709
7 3 0.3820
4 8 0.9816
8 4 0.3458
0 15 0.8304
15 0 0.4599
6 15 0.7936
15 6 0.3807
16 17 0.5484
17 16 0.7824
14 16 0.5563
16 14 0.4398
8 18 0.4397
18 8 0.6561
2 17 0.7198
17 2 0.3582
2 8 0.8544
8 2 0.7211
7 17 0.9961
17 7 0.7789
10 12 0.5326
12 10 0.1703
1 8 0.2996
8 1 0.7531
14 17 0.3272
17 14 0.0309
6 8 0.7524
8 6 0.6527
14 19 0.6355
19 14 0.4676
2 6 0.7526
6 2 0.5601
6 12 0.6313
12 6 0.7706
3 10 0.9159
10 3 0.5353
11 15 0.5404
15 11 0.6516
2 3 0.9631
3 2 0.6421
1 6 0.6849
6 1 0.6098
3 6 0.1299
6 3 0.6860
1 15 0.7294
15 1 0.6450
8 17 0.6289
17 8 0.6488
4 11 0.6383
11 4 0.6997
7 16 0.9712
16 7 0.6606
9 10 0.7340
10 9 0.7034
4 14 0.7310
14 4 0.4212
4 18 0.9130
18 4 0.3118
