3 10 0.7438
10 3 0.4455
15 16 0.6080
16 15 0.7391
14 19 0.2214
19 14 0.7708
9 12 0.7411
12 9 0.6102
2 11 0.3808
11 2 0.6140
12 18 0.6331
18 12 0.3362
6 8 0.7624
8 6 0.1528
6 18 0.8689
18 6 0.4402
12 17 0.2625
17 12 0.4869
7 19 0.4256
19 7 0.3236
2 3 0.9239
3 2 0.5697
1 18 0.8908
18 1 0.2435
7 13 0.8863
13 7 0.7210
9 15 0.5644
15 9 0.6758
0 19 0.5275
19 0 0.7247
4 17 0.8746
17 4 0.5985
5 11 0.7988
11 5 0.2143
1 2 0.9716
2 1 0.0508
9 13 0.7558
13 9 0.4314
17 18 0.2014
18 17 0.5212
3 6 0.5350
6 3 0.6464
1 19 0.4644
19 1 0.3515
7 9 0.4579
9 7 0.4212
12 13 0.9132
13 12 0.7241
11 19 0.0116
19 11 0.6607
1 11 0.6649
11 1 0.5085
1 3 0.7047
3 1 0.7088
6 10 0.2829
10 6 0.2588
15 17 0.9339
17 15 0.4652
4 6 0.7973
6 4 0.7290
7 15 0.5322
15 7 0.7155
3 18 0.9839
18 3 0.7955
4 16 0.9206
16 4 0.6864
8 10 0.6086
10 8 0.7702
4 15 0.5657
15 4 0.6816
0 11 0.7898
11 0 0.3980
5 14 0.9777
14 5 0.5893
12 15 0.7841
15 12 0.0485
